
 25

(((((Bdi_GS1b_1: 0.121500, ((Ath_GS1b_3: 0.103594, Ath_GS1b_5: 0.222606): 0.026068, Bdi_GS1b_2: 0.474670): 0.019144): 0.013266, (((Ath_GS1b_4: 0.100356, Bdi_GS1b_3: 0.152341): 0.033073, (Ath_GS1b_1: 0.058082, Ath_GS1b_2: 0.060377): 0.030903): 0.031208, ((Mg_GS1b_1: 0.094734, Mg_GS1b_3: 0.069119): 0.017243, (Atr_GS1b_1: 0.060982, Mg_GS1b_2: 0.068369): 0.035202): 0.018748): 0.010990): 0.007207, Atr_GS1b_2: 0.099946): 0.052507, ((Pta_GS1b_1: 0.022083, Pta_GS1b_2: 0.092254): 0.044059, Cyc_GS1b: 0.084571): 0.025664): 0.028758, ((Atr_GS1a: 0.082176, Mg_GS1a: 0.076573): 0.049202, (Pta_GS1a: 0.094041, Cyc_GS1a: 0.079248): 0.031005): 0.089229, (((Ath_GS2: 0.139213, Bdi_GS2_1: 0.187460): 0.062845, (Atr_GS2: 0.143077, Mg_GS2: 0.058229): 0.000004): 0.237082, Cyc_GS2: 0.231791): 0.128806);

  0.028758  0.052507  0.007207  0.013266  0.121500  0.019144  0.026068  0.103594  0.222606  0.474670  0.010990  0.031208  0.033073  0.100356  0.152341  0.030903  0.058082  0.060377  0.018748  0.017243  0.094734  0.069119  0.035202  0.060982  0.068369  0.099946  0.025664  0.044059  0.022083  0.092254  0.084571  0.089229  0.049202  0.082176  0.076573  0.031005  0.094041  0.079248  0.128806  0.237082  0.062845  0.139213  0.187460  0.000004  0.143077  0.058229  0.231791

  0.000000  0.000000  0.000000  0.000000  0.000000  0.000000  0.000000  0.000000  0.000000  0.000000  0.000000  0.000000  0.000000  0.000000  0.000000  0.000000  0.000000  0.000000  0.000000  0.000000  0.000000  0.000000  0.000000  0.000000  0.000000  0.000000  0.000000  0.000000  0.000000  0.000000  0.000000  0.000000  0.000000  0.000000  0.000000  0.000000  0.000000  0.000000  0.000000  0.000000  0.000000  0.000000  0.000000 -5.952592  0.000000  0.000000  0.000000


Hessian

      -3250     -280.1     -450.9      311.4      72.43        357      316.6      -18.9      72.58      146.6        381      259.6      71.58      18.01      62.05      416.2      172.3     -271.5      359.4     -315.9      187.1      120.1     -208.5      324.2     -221.7      161.5     -478.5     -1.581      397.8      359.7     -18.35     -286.8     -212.1     -505.6     -91.39       -227     -300.6     -97.15     -207.8      136.1     -48.28      111.4     -256.9      51.72      267.7      294.8      82.36
     -280.1      -3093      63.04        496      478.1      259.8      287.2      74.54      130.6      81.47      416.8      178.8       -252      391.5      125.5      198.1      66.68       -362     -597.8       -968      113.4     -391.7       -362      68.24       -171      144.2     -667.3     -741.4      511.3      68.62      40.43       92.2     -151.2     -3.917      117.2      28.62      288.3      264.6      62.37      62.71      215.3     -146.4     -49.46      145.4       -335      271.4      64.11
     -450.9      63.04 -1.325e+04     -476.6     -509.8     -534.9      41.82      181.6      78.72      22.78      -1202      80.71      229.2      285.3     -622.5      47.74     -52.86     -68.74      348.7      226.7     -872.9     -144.6     -294.9      -1589      307.4       -415     -280.2      508.5      453.3      322.4      15.74      460.4      491.9        403      276.8      388.3      417.7      185.2      403.4      203.4       35.8     -778.2      281.8      333.7      357.1      337.7      169.6
      311.4        496     -476.6      -8225     -784.5      -1648       -638     -564.8     -127.4     -74.44      108.9     -128.6      510.7      99.06      87.98      260.6     -16.73     -346.1      561.2      74.73       -186     -134.2     -321.9     -305.7       -392     -8.238        413      261.3      426.1     -685.5     -118.1     -163.3     -150.7      333.2      2.463      153.5     -589.5      292.5      318.1      -12.6     -16.96      210.7        157      349.2      51.54      471.3      89.98
      72.43      478.1     -509.8     -784.5      -1271      74.99      201.4      132.2     -38.29      3.306      224.9     -222.2      195.2     -138.6       -159     -250.1      136.3      54.41      306.7      204.7     -129.2      104.4      8.089      155.3     -90.84      110.8      375.3      197.7     -946.4      44.19      211.2      -73.1     -9.484        226       96.9      167.7     -195.9      31.22      198.5       25.4     -49.47     -156.1      8.139      -19.4      86.04      90.09      84.09
        357      259.8     -534.9      -1648      74.99      -4104      -1710     -402.8     -5.482     -37.96     -113.5     -262.2        119      274.6      7.573      316.1     -49.52     -71.47      237.7      243.6     -259.5     -22.56      206.9     -415.4     -45.42      253.6       -174      105.8      485.8     -416.4      64.85     -228.3     -42.27     -56.68      147.4     -254.4     -186.1     -56.74       -201      122.1      214.9      194.7        162      192.7      198.2      246.4      101.2
      316.6      287.2      41.82       -638      201.4      -1710      -2958     -695.6     -40.67      61.24      -1189     -367.9      272.7      88.05     -99.35      272.4     -210.3      152.3     -653.3       63.4     -156.9      27.35     -287.6     -473.4       -337      269.9      -1525        125      481.2      23.41     -87.93     -88.74     -250.3        258      296.5     -66.92      54.11     -136.1      110.7      125.7      220.7      273.8      57.43      162.8      51.66      139.5     -9.802
      -18.9      74.54      181.6     -564.8      132.2     -402.8     -695.6      -1622     -8.215      77.57     -11.89      209.5      271.6      145.4      129.1      341.2     -651.2      59.65     -299.7      243.6     -133.2      146.8      150.8      233.9     -153.4     -93.41     -427.4      29.43      6.441      90.01       -116      72.04      74.06     -184.7      265.5      120.9      116.6      52.64       34.1      92.64      50.17      4.889      18.94        102      -36.5      94.84      45.81
      72.58      130.6      78.72     -127.4     -38.29     -5.482     -40.67     -8.215     -708.2      32.56      202.8      215.6     -131.3     -37.59       91.4     -30.38     -70.44     -95.59      73.05     -425.6      15.53     -66.83      99.62      95.96      129.4      216.2      138.5       15.8       -187      129.5      8.976     -32.95      47.25      171.2      1.538      -19.9     -11.16        108      17.15       62.9      162.8        142         16        106      95.27      18.16      31.08
      146.6      81.47      22.78     -74.44      3.306     -37.96      61.24      77.57      32.56     -294.6      43.43      151.8      177.9      107.2      19.64      -95.1      145.2     -30.49      55.57      35.17      50.73      105.8      -55.4      119.1      64.82     -42.34      27.53      22.88      115.4     -25.33      74.55      -49.4      37.73     -6.476      -25.9      32.18      100.1      60.04      67.95      26.45      36.46      -8.47      40.61      42.75      51.52      98.18      15.33
        381      416.8      -1202      108.9      224.9     -113.5      -1189     -11.89      202.8      43.43 -1.252e+04     -823.4      27.86     -658.2     -157.9     -280.2      181.5      265.9     -838.9     -837.9       10.4      201.3      -1323     -109.3      -1074      255.5      -1864        522      676.9      418.6      167.5      272.3       -657      363.9      159.7      64.33      234.9     -38.19      116.5     -324.9      382.3      280.7      275.6      270.2      66.15      89.57     -49.82
      259.6      178.8      80.71     -128.6     -222.2     -262.2     -367.9      209.5      215.6      151.8     -823.4      -4700     -68.19     -280.5     -273.1     -572.2      141.2      243.1      495.3     -721.5      45.61      247.5      266.9     -383.6      457.9      476.8     -201.5      267.8      701.6      234.9      356.6     -172.3     -407.6     -231.1      46.98     -288.8      10.33     -11.39      129.6     -117.5      98.77      28.73     -98.83     -71.17      265.9      81.55     -79.52
      71.58       -252      229.2      510.7      195.2        119      272.7      271.6     -131.3      177.9      27.86     -68.19      -4375     -169.8      28.09        108      113.3      57.47     -8.262      282.8        117     -544.4      449.2      106.7     -505.8      345.5      366.1      95.42      333.7     -125.8      194.6      158.4     -187.7      83.23     -333.6      159.4     -553.7     -7.684     -470.9     -34.21      297.9      267.7      242.8      179.8      142.2     -268.5     -56.23
      18.01      391.5      285.3      99.06     -138.6      274.6      88.05      145.4     -37.59      107.2     -658.2     -280.5     -169.8      -1752      2.113      126.3     -427.1      90.84     -432.5     -237.5      17.01         28      247.1     -42.91     -47.48      55.31     -32.58     -150.5     -21.79     -195.3      63.02      114.2     -22.71      246.6      2.589      189.1     -7.937      101.3      107.6     -73.59       49.3      15.08      25.41      149.8      223.3      205.5      73.31
      62.05      125.5     -622.5      87.98       -159      7.573     -99.35      129.1       91.4      19.64     -157.9     -273.1      28.09      2.113      -1081     -149.7      283.1     -153.6      143.3     -171.7       -249      56.38     -135.1     -228.3      80.23      152.1     -51.56     -103.4      147.4      92.73      167.4     -88.76     -68.98      83.78     -262.3      99.81     -68.74      55.76      59.96      54.77      67.84      65.83      61.09      32.66      -33.5     -14.03     -5.535
      416.2      198.1      47.74      260.6     -250.1      316.1      272.4      341.2     -30.38      -95.1     -280.2     -572.2        108      126.3     -149.7      -4846      230.9      269.3     -353.8        396      11.41      239.3      491.9      483.3      284.9        218      212.2       88.2      337.5      248.3     -50.78      1.258     -323.8       -212     -421.5      302.1      393.1        369     -74.13      46.44      206.7       -207      73.72     -52.61      101.4     -635.6      115.1
      172.3      66.68     -52.86     -16.73      136.3     -49.52     -210.3     -651.2     -70.44      145.2      181.5      141.2      113.3     -427.1      283.1      230.9      -3349     -133.3     -619.1     -352.6     -278.8     -972.3     -100.6      399.2      215.2     -108.1       -119      149.8      37.32      181.4      46.06      461.4     -115.4     -49.64      123.6      300.2        377      308.8      140.9      210.2        136     -60.77      70.04      197.2      136.5     -20.01      131.2
     -271.5       -362     -68.74     -346.1      54.41     -71.47      152.3      59.65     -95.59     -30.49      265.9      243.1      57.47      90.84     -153.6      269.3     -133.3      -3201      547.8      377.2      161.6      151.7     -629.1      449.8      243.8        250     -19.34     -560.8        507      168.1      23.73      156.9      260.9     -145.5     -74.04        119      1.677     -106.3      153.1      61.53     -560.2       24.3      54.31      70.72     -180.1      58.35      115.7
      359.4     -597.8      348.7      561.2      306.7      237.7     -653.3     -299.7      73.05      55.57     -838.9      495.3     -8.262     -432.5      143.3     -353.8     -619.1      547.8      -8617     -468.1      253.4     -543.3     -283.2      -1281      212.5        314      -1668      296.6      574.6     -209.5      384.9      169.4      11.57      325.8     -573.9        323      222.3     -310.8     -337.8     -43.94      466.6      170.6      256.4      344.9     -331.8      113.4       8.71
     -315.9       -968      226.7      74.73      204.7      243.6       63.4      243.6     -425.6      35.17     -837.9     -721.5      282.8     -237.5     -171.7        396     -352.6      377.2     -468.1      -8561     -256.9     -589.6     -219.6      49.78     -267.1      383.7     -58.38       -859      663.6      363.7      10.52      382.6     -463.9        447     -176.8      -33.8      356.9     -224.9      278.8      239.7      287.5      231.8     -213.3      280.7      257.7      168.7      202.1
      187.1      113.4     -872.9       -186     -129.2     -259.5     -156.9     -133.2      15.53      50.73       10.4      45.61        117      17.01       -249      11.41     -278.8      161.6      253.4     -256.9      -1952      76.66     -163.5      36.16     -490.1     -41.42        336     -195.2     -186.1      281.1      35.93      79.16      264.9      181.7     -119.1      244.6      72.78      80.34      -79.1      160.5      77.46     -49.79      150.9     -13.35     -92.09      237.3      166.9
      120.1     -391.7     -144.6     -134.2      104.4     -22.56      27.35      146.8     -66.83      105.8      201.3      247.5     -544.4         28      56.38      239.3     -972.3      151.7     -543.3     -589.6      76.66      -2841     -82.54     -584.8     -176.8     -22.09      378.3      110.4      580.9      120.6      119.8        316     -187.2     -96.43      26.29      284.1      63.62      237.9     -17.12      146.3      119.7      165.1      86.11      76.58   -0.03711        144      68.55
     -208.5       -362     -294.9     -321.9      8.089      206.9     -287.6      150.8      99.62      -55.4      -1323      266.9      449.2      247.1     -135.1      491.9     -100.6     -629.1     -283.2     -219.6     -163.5     -82.54      -5160      203.5      71.96     -229.5     -732.1     -209.5     -142.9        460      121.1     -113.5      60.53     -176.7      290.7      281.1      437.1      226.8        380     -4.784      240.8      6.467      190.4        295     -399.7        422      59.32
      324.2      68.24      -1589     -305.7      155.3     -415.4     -473.4      233.9      95.96      119.1     -109.3     -383.6      106.7     -42.91     -228.3      483.3      399.2      449.8      -1281      49.78      36.16     -584.8      203.5      -3275      182.1      225.9        167      383.3      482.4     -174.4     -273.1      9.608      183.1      221.3     -184.9      212.5      196.9     -103.2      1.022     -63.42      380.3      114.3       19.1      265.9     -230.9      78.16     -85.53
     -221.7       -171      307.4       -392     -90.84     -45.42       -337     -153.4      129.4      64.82      -1074      457.9     -505.8     -47.48      80.23      284.9      215.2      243.8      212.5     -267.1     -490.1     -176.8      71.96      182.1      -2925     -172.7      235.9     -649.1      29.65      161.8     -256.8      125.4      365.9     -153.3      293.8      149.8     -146.5      264.2        150      113.5     -19.95      102.9     -68.02     -46.53     -245.3      11.45      154.5
      161.5      144.2       -415     -8.238      110.8      253.6      269.9     -93.41      216.2     -42.34      255.5      476.8      345.5      55.31      152.1        218     -108.1        250        314      383.7     -41.42     -22.09     -229.5      225.9     -172.7      -2004     -249.2      96.17     -83.55     -283.6     -675.3      19.63      341.8      187.8      238.1      271.5      290.4      40.95      221.7      16.43      142.8      124.1      171.6      99.53     -4.514      56.27     -45.17
     -478.5     -667.3     -280.2        413      375.3       -174      -1525     -427.4      138.5      27.53      -1864     -201.5      366.1     -32.58     -51.56      212.2       -119     -19.34      -1668     -58.38        336      378.3     -732.1        167      235.9     -249.2      -4756       -221      377.7      231.5     -75.08     -68.89     -328.1      238.2      221.2     -41.81      41.87     -181.2      176.3      182.9      61.82      107.4      68.64      189.3     -26.19      333.9     -42.67
     -1.581     -741.4      508.5      261.3      197.7      105.8        125      29.43       15.8      22.88        522      267.8      95.42     -150.5     -103.4       88.2      149.8     -560.8      296.6       -859     -195.2      110.4     -209.5      383.3     -649.1      96.17       -221      -3389     -70.05      322.4     -304.1     -5.485      174.3     -495.7      311.8      90.55        196      193.7      96.82      92.38       -406      300.5      119.3     -360.9     -359.1     -76.94      69.55
      397.8      511.3      453.3      426.1     -946.4      485.8      481.2      6.441       -187      115.4      676.9      701.6      333.7     -21.79      147.4      337.5      37.32        507      574.6      663.6     -186.1      580.9     -142.9      482.4      29.65     -83.55      377.7     -70.05      -8203     -358.5     -320.3      225.9        358      459.9      81.06      381.9     -118.4      355.9      286.3      182.8     -165.6     -70.56      151.4     -61.47     -252.1      409.3      141.9
      359.7      68.62      322.4     -685.5      44.19     -416.4      23.41      90.01      129.5     -25.33      418.6      234.9     -125.8     -195.3      92.73      248.3      181.4      168.1     -209.5      363.7      281.1      120.6        460     -174.4      161.8     -283.6      231.5      322.4     -358.5      -2476     -55.36      19.99     -85.07      255.4     -126.9     -32.96     -88.21     -169.2      152.9     -96.14      301.1     -14.09      129.5        224      220.2      301.6      29.22
     -18.35      40.43      15.74     -118.1      211.2      64.85     -87.93       -116      8.976      74.55      167.5      356.6      194.6      63.02      167.4     -50.78      46.06      23.73      384.9      10.52      35.93      119.8      121.1     -273.1     -256.8     -675.3     -75.08     -304.1     -320.3     -55.36      -2085     -49.39      255.9      15.93      45.82      200.5      404.7     -190.6         71      31.85      46.09      365.6        193      4.195      -89.8     -179.2      26.75
     -286.8       92.2      460.4     -163.3      -73.1     -228.3     -88.74      72.04     -32.95      -49.4      272.3     -172.3      158.4      114.2     -88.76      1.258      461.4      156.9      169.4      382.6      79.16        316     -113.5      9.608      125.4      19.63     -68.89     -5.485      225.9      19.99     -49.39      -1667     -17.66      40.96      183.6     -149.5     -182.9     -173.9      83.18      86.26      85.23      16.92        202     -61.79      220.2      202.3      58.54
     -212.1     -151.2      491.9     -150.7     -9.484     -42.27     -250.3      74.06      47.25      37.73       -657     -407.6     -187.7     -22.71     -68.98     -323.8     -115.4      260.9      11.57     -463.9      264.9     -187.2      60.53      183.1      365.9      341.8     -328.1      174.3        358     -85.07      255.9     -17.66      -2612     -4.231     -412.5     -424.8     -267.2     -121.3     -242.7      109.7      105.8      126.2     -15.69      79.78      275.2      212.7      4.516
     -505.6     -3.917        403      333.2        226     -56.68        258     -184.7      171.2     -6.476      363.9     -231.1      83.23      246.6      83.78       -212     -49.64     -145.5      325.8        447      181.7     -96.43     -176.7      221.3     -153.3      187.8      238.2     -495.7      459.9      255.4      15.93      40.96     -4.231      -2136     -140.3       -111      196.9      118.6     -58.46      35.04     -304.5      167.7     -7.234     -111.4     -20.37      6.922      20.41
     -91.39      117.2      276.8      2.463       96.9      147.4      296.5      265.5      1.538      -25.9      159.7      46.98     -333.6      2.589     -262.3     -421.5      123.6     -74.04     -573.9     -176.8     -119.1      26.29      290.7     -184.9      293.8      238.1      221.2      311.8      81.06     -126.9      45.82      183.6     -412.5     -140.3      -2338     -126.6      83.28      154.9     -180.5      65.26      118.8      146.5      31.41        200     -66.07      179.3      68.62
       -227      28.62      388.3      153.5      167.7     -254.4     -66.92      120.9      -19.9      32.18      64.33     -288.8      159.4      189.1      99.81      302.1      300.2        119        323      -33.8      244.6      284.1      281.1      212.5      149.8      271.5     -41.81      90.55      381.9     -32.96      200.5     -149.5     -424.8       -111     -126.6      -4652     -228.7     -218.8     -179.9     -2.743     -52.77      92.73     -19.72     -54.05      154.8     -253.1     -47.21
     -300.6      288.3      417.7     -589.5     -195.9     -186.1      54.11      116.6     -11.16      100.1      234.9      10.33     -553.7     -7.937     -68.74      393.1        377      1.677      222.3      356.9      72.78      63.62      437.1      196.9     -146.5      290.4      41.87        196     -118.4     -88.21      404.7     -182.9     -267.2      196.9      83.28     -228.7      -2020     -229.8     -135.1      51.74     -174.3       53.4      72.61       3.76      5.938      334.3      27.42
     -97.15      264.6      185.2      292.5      31.22     -56.74     -136.1      52.64        108      60.04     -38.19     -11.39     -7.684      101.3      55.76        369      308.8     -106.3     -310.8     -224.9      80.34      237.9      226.8     -103.2      264.2      40.95     -181.2      193.7      355.9     -169.2     -190.6     -173.9     -121.3      118.6      154.9     -218.8     -229.8      -2209     -93.83     -61.75     -225.9      38.76      31.27     -26.62      191.1       32.4      104.5
     -207.8      62.37      403.4      318.1      198.5       -201      110.7       34.1      17.15      67.95      116.5      129.6     -470.9      107.6      59.96     -74.13      140.9      153.1     -337.8      278.8      -79.1     -17.12        380      1.022        150      221.7      176.3      96.82      286.3      152.9         71      83.18     -242.7     -58.46     -180.5     -179.9     -135.1     -93.83      -1026     -69.89      65.12       52.2      40.42      18.38     -33.67     -46.97     -58.75
      136.1      62.71      203.4      -12.6       25.4      122.1      125.7      92.64       62.9      26.45     -324.9     -117.5     -34.21     -73.59      54.77      46.44      210.2      61.53     -43.94      239.7      160.5      146.3     -4.784     -63.42      113.5      16.43      182.9      92.38      182.8     -96.14      31.85      86.26      109.7      35.04      65.26     -2.743      51.74     -61.75     -69.89     -545.6     -30.99     -59.51     0.5803     -296.3     -41.06     -264.5     -239.5
     -48.28      215.3       35.8     -16.96     -49.47      214.9      220.7      50.17      162.8      36.46      382.3      98.77      297.9       49.3      67.84      206.7        136     -560.2      466.6      287.5      77.46      119.7      240.8      380.3     -19.95      142.8      61.82       -406     -165.6      301.1      46.09      85.23      105.8     -304.5      118.8     -52.77     -174.3     -225.9      65.12     -30.99      -2704       -439     -175.5      -1933     -14.42     -463.1      11.85
      111.4     -146.4     -778.2      210.7     -156.1      194.7      273.8      4.889        142      -8.47      280.7      28.73      267.7      15.08      65.83       -207     -60.77       24.3      170.6      231.8     -49.79      165.1      6.467      114.3      102.9      124.1      107.4      300.5     -70.56     -14.09      365.6      16.92      126.2      167.7      146.5      92.73       53.4      38.76       52.2     -59.51       -439      -1662     -47.09     -315.8     -1.819     -124.1       85.4
     -256.9     -49.46      281.8        157      8.139        162      57.43      18.94         16      40.61      275.6     -98.83      242.8      25.41      61.09      73.72      70.04      54.31      256.4     -213.3      150.9      86.11      190.4       19.1     -68.02      171.6      68.64      119.3      151.4      129.5        193        202     -15.69     -7.234      31.41     -19.72      72.61      31.27      40.42     0.5803     -175.5     -47.09      -1224     -185.4      255.6      31.26     -78.97
      51.72      145.4      333.7      349.2      -19.4      192.7      162.8        102        106      42.75      270.2     -71.17      179.8      149.8      32.66     -52.61      197.2      70.72      344.9      280.7     -13.35      76.58        295      265.9     -46.53      99.53      189.3     -360.9     -61.47        224      4.195     -61.79      79.78     -111.4        200     -54.05       3.76     -26.62      18.38     -296.3      -1933     -315.8     -185.4      -6379     -276.3      -1235     -224.7
      267.7       -335      357.1      51.54      86.04      198.2      51.66      -36.5      95.27      51.52      66.15      265.9      142.2      223.3      -33.5      101.4      136.5     -180.1     -331.8      257.7     -92.09   -0.03711     -399.7     -230.9     -245.3     -4.514     -26.19     -359.1     -252.1      220.2      -89.8      220.2      275.2     -20.37     -66.07      154.8      5.938      191.1     -33.67     -41.06     -14.42     -1.819      255.6     -276.3      -1726     -511.4     -23.42
      294.8      271.4      337.7      471.3      90.09      246.4      139.5      94.84      18.16      98.18      89.57      81.55     -268.5      205.5     -14.03     -635.6     -20.01      58.35      113.4      168.7      237.3        144        422      78.16      11.45      56.27      333.9     -76.94      409.3      301.6     -179.2      202.3      212.7      6.922      179.3     -253.1      334.3       32.4     -46.97     -264.5     -463.1     -124.1      31.26      -1235     -511.4      -3766     -223.7
      82.36      64.11      169.6      89.98      84.09      101.2     -9.802      45.81      31.08      15.33     -49.82     -79.52     -56.23      73.31     -5.535      115.1      131.2      115.7       8.71      202.1      166.9      68.55      59.32     -85.53      154.5     -45.17     -42.67      69.55      141.9      29.22      26.75      58.54      4.516      20.41      68.62     -47.21      27.42      104.5     -58.75     -239.5      11.85       85.4     -78.97     -224.7     -23.42     -223.7     -571.8
