
 20

((((Eph_GS1bx: 0.131921, Eph_GS1by: 0.107009): 0.064575, ((Ap_GS1b: 0.101893, Cyc_GS1b: 0.084579): 0.014483, Tba_GS1b: 0.113127): 0.027573): 0.000004, ((((Zm_GS1b_3: 0.012777, Zm_GS1b_4: 0.019409): 0.079164, Atr_GS1b_2: 0.098147): 0.015559, Atr_GS1b_1: 0.107603): 0.016587, ((Zm_GS1b_1: 0.032065, Zm_GS1b_5: 0.032067): 0.157363, Zm_GS1b_2: 0.262455): 0.013520): 0.059800): 0.027137, ((((Tba_GS1a: 0.078597, Ap_GS1a: 0.086180): 0.017822, Eph_GS1a: 0.119053): 0.014615, Cyc_GS1a: 0.100363): 0.038934, Atr_GS1a: 0.108721): 0.066250, ((Atr_GS2: 0.191174, Zm_GS2: 0.301562): 0.169026, Cyc_GS2: 0.174063): 0.276104);

  0.027137  0.000004  0.064575  0.131921  0.107009  0.027573  0.014483  0.101893  0.084579  0.113127  0.059800  0.016587  0.015559  0.079164  0.012777  0.019409  0.098147  0.107603  0.013520  0.157363  0.032065  0.032067  0.262455  0.066250  0.038934  0.014615  0.017822  0.078597  0.086180  0.119053  0.100363  0.108721  0.276104  0.169026  0.191174  0.301562  0.174063

  0.000000 -105.385913  0.000000  0.000000  0.000000  0.000000  0.000000  0.000000  0.000000  0.000000  0.000000  0.000000  0.000000  0.000000  0.000000  0.000000  0.000000  0.000000  0.000000  0.000000  0.000000  0.000000  0.000000  0.000000  0.000000  0.000000  0.000000  0.000000  0.000000  0.000000  0.000000  0.000000  0.000000  0.000000  0.000000  0.000000  0.000000


Hessian

      -2846     -289.8      75.76      281.9     -211.2      46.94     -110.3      223.1     -52.36     -67.62      214.3      189.7      211.9     -255.9        222      93.15     -336.4      101.8     -51.81      149.4      249.9      138.3     -82.96     -702.8     -13.53      168.5     -180.3      17.46      121.2      98.46      145.3     -36.64     -118.1      49.32     -12.06     -75.74     -28.35
     -289.8     -932.2     -146.3      73.84     -60.19     -395.9     -821.3      39.13      91.44      14.65     -182.7     -206.3     -70.38     -201.3      40.96      157.5     -211.6      14.26      50.96      58.75     -40.44     -112.3     -32.44       -353     0.7596     -111.6        149      57.92      139.2      61.96     -175.3      72.52     -64.91      57.94     -17.62     -24.73     -8.499
      75.76     -146.3      -1850     -42.26     -196.1      128.2     -727.6       -137        128     -250.5      315.3     -582.3     -500.2     -85.64        112     -601.6      222.9     -21.33      138.6      36.39      139.7     -47.85     -34.35     -124.5      104.3     -270.7      264.2     -3.815     -74.99     -65.53      154.8      142.4     -29.95      100.8      112.6      72.19     -99.96
      281.9      73.84     -42.26      -1162     -7.478      280.9      155.1     -72.78     -137.8     -137.8     -45.91     -84.88       -245      203.1     -337.1       -363      37.04     -9.374     -28.51     -189.4      315.9     -268.4      41.01      -36.2        217      315.6      410.7      253.3      37.25       66.1      12.83      284.1      36.84      74.48      97.19      73.32      136.9
     -211.2     -60.19     -196.1     -7.478      -1212      258.2      224.3      161.5      67.44     -105.6      225.2     -302.6      160.5      190.6      209.6     -248.1        142     -108.4     -197.6       -104      382.3      283.4      53.34      98.18     -177.5      304.6      195.4      89.18     -89.14     -136.1      247.5     0.1472     -126.1     -18.48     -27.33      38.57     -40.77
      46.94     -395.9      128.2      280.9      258.2      -5253     -508.4      100.8      34.73      106.7     -365.4      -61.3      -1763      3.093      248.1      382.2     -765.9     -296.7        266      165.1      376.9      295.1      121.8     -138.1      211.9      52.05      311.2     -151.9     -95.69        148     -314.6      280.3        124      169.8      141.6     -57.52     -4.201
     -110.3     -821.3     -727.6      155.1      224.3     -508.4      -6974     -81.83     -171.9     -97.41     -239.1     -106.4      51.99     -352.8        370      476.5     -195.6     -943.4      46.62      327.2     -86.48     -232.5     -123.6      88.86      133.5     -853.9      430.3      -94.4      400.2      441.9     -46.47      382.6      152.9        255      35.19     -6.313      140.3
      223.1      39.13       -137     -72.78      161.5      100.8     -81.83      -1705     -3.692     -127.4       -340     -801.5      -62.9     -7.318        255        405     -93.79      233.3     0.7158      10.77      482.5      426.5     -23.35      29.13      86.03     -83.72      390.1     -3.306      25.85      112.7      261.5     -108.1       98.5      120.3     -87.29      7.651      136.8
     -52.36      91.44        128     -137.8      67.44      34.73     -171.9     -3.692      -1921      -87.8        408     -223.7      296.7      155.8        339        489     -255.2     -244.3      101.7      214.5      188.8        459     -57.44     -56.52      160.1      252.2      431.8      199.4      179.7      78.38     -92.97      174.3      44.91     -13.54       -131      64.27      6.336
     -67.62      14.65     -250.5     -137.8     -105.6      106.7     -97.41     -127.4      -87.8      -1466      99.31     -235.7      125.6     -212.5      325.1       -726      106.3      112.5      84.63     -181.9      51.08     -597.6       79.9     -260.5      43.47      315.5     -148.7      229.8      94.69      153.9      306.9      186.8      71.42      27.08      41.42      162.3      144.1
      214.3     -182.7      315.3     -45.91      225.2     -365.4     -239.1       -340        408      99.31      -2622     -532.2      220.6      130.9      271.4      414.5     -25.45     -68.98      138.4     -103.8     -221.7        358      124.9      93.95      276.3      321.5        437      154.8      391.8      246.9      83.59      82.93      116.7      14.55     -133.7     -80.27      98.18
      189.7     -206.3     -582.3     -84.88     -302.6      -61.3     -106.4     -801.5     -223.7     -235.7     -532.2      -6451     -310.8     -61.98      292.5      438.9      207.4      306.1     -205.3       -196      474.3        363     -133.2      105.7     -452.9     -39.89      375.3     -26.94      12.81      21.08      -17.2     -60.71      80.12        191     -22.91     -2.759        162
      211.9     -70.38     -500.2       -245      160.5      -1763      51.99      -62.9      296.7      125.6      220.6     -310.8      -8744     -205.6      87.85      300.1     -91.63      161.8     -323.7        132      238.2      -1506     -105.9      221.3      177.5      248.3      386.4        278      356.7      282.5      318.4      85.22      12.38        185      85.33      51.56     -194.7
     -255.9     -201.3     -85.64      203.1      190.6      3.093     -352.8     -7.318      155.8     -212.5      130.9     -61.98     -205.6      -2195     0.1084     -53.47      42.07      236.8      156.4     -8.836      47.29       79.1      90.97     -7.367      23.14      120.3     -926.3        114     -14.59      257.9     -79.13     -114.2     -51.27      95.46      109.9     -38.36      141.5
        222      40.96        112     -337.1      209.6      248.1        370        255        339      325.1      271.4      292.5      87.85     0.1084 -1.776e+04      -1179      202.9      303.8     -70.93      169.4     -97.04      -1859     -89.42      255.6        145      159.2      265.9      126.2      227.5      186.3      263.4      180.3      157.7        119      118.4     -218.8       96.7
      93.15      157.5     -601.6       -363     -248.1      382.2      476.5        405        489       -726      414.5      438.9      300.1     -53.47      -1179 -1.198e+04      358.2      454.8      97.98       -302     -498.1      -1062      23.85     -552.2        213      291.1      404.6      260.1      360.5     -173.2      395.2      284.2      220.8     -69.94      169.5      171.2      150.6
     -336.4     -211.6      222.9      37.04        142     -765.9     -195.6     -93.79     -255.2      106.3     -25.45      207.4     -91.63      42.07      202.9      358.2      -1793      98.82      156.1      148.9      430.6      307.2     -2.116     -42.13      255.3     -257.4      316.6     -14.08      61.06      40.65     -40.76      249.8      99.17      94.19       66.9      50.81       42.3
      101.8      14.26     -21.33     -9.374     -108.4     -296.7     -943.4      233.3     -244.3      112.5     -68.98      306.1      161.8      236.8      303.8      454.8      98.82      -1523      123.9         49      30.92      328.3      93.96      12.62      288.9      175.3      389.5      293.6      83.09      150.2     -15.21      182.6      63.41     -55.19     -149.3      85.13      22.04
     -51.81      50.96      138.6     -28.51     -197.6        266      46.62     0.7158      101.7      84.63      138.4     -205.3     -323.7      156.4     -70.93      97.98      156.1      123.9      -3954     -381.2      258.8     -33.94     -235.3      122.3      86.89      308.3      381.1      281.7      331.1      195.9      140.4     -55.84     -74.98        142      82.89       -130      84.36
      149.4      58.75      36.39     -189.4       -104      165.1      327.2      10.77      214.5     -181.9     -103.8       -196        132     -8.836      169.4       -302      148.9         49     -381.2     -953.6      16.31      60.69       32.7      193.6        222      333.2      373.7      169.7     -8.748      145.5      313.3     -214.5     -12.58      78.89      96.14      46.15      71.82
      249.9     -40.44      139.7      315.9      382.3      376.9     -86.48      482.5      188.8      51.08     -221.7      474.3      238.2      47.29     -97.04     -498.1      430.6      30.92      258.8      16.31      -6161      -1518     -40.16      116.6     -497.5      294.5      407.2      352.1      455.4      199.8      339.8      102.9     -120.3       49.2       -148     -118.6      64.01
      138.3     -112.3     -47.85     -268.4      283.4      295.1     -232.5      426.5        459     -597.6        358        363      -1506       79.1      -1859      -1062      307.2      328.3     -33.94      60.69      -1518      -5926     -286.7     -102.6       -448        210      348.7      296.6      400.5      315.2      263.7      80.29      207.6     -79.97      165.3     -97.17      187.6
     -82.96     -32.44     -34.35      41.01      53.34      121.8     -123.6     -23.35     -57.44       79.9      124.9     -133.2     -105.9      90.97     -89.42      23.85     -2.116      93.96     -235.3       32.7     -40.16     -286.7     -544.9     -105.3        -71      67.86      303.6      79.65      89.94        114      107.4     -32.04       21.8      35.81       66.1      6.628      22.07
     -702.8       -353     -124.5      -36.2      98.18     -138.1      88.86      29.13     -56.52     -260.5      93.95      105.7      221.3     -7.367      255.6     -552.2     -42.13      12.62      122.3      193.6      116.6     -102.6     -105.3      -2364      64.62      172.7     -120.1      170.3      203.5      94.93     -154.1      178.7      116.9      25.93      114.2      150.6      109.3
     -13.53     0.7596      104.3        217     -177.5      211.9      133.5      86.03      160.1      43.47      276.3     -452.9      177.5      23.14        145        213      255.3      288.9      86.89        222     -497.5       -448        -71      64.62      -4088     -319.2     -308.5     -331.1     -192.7     -216.7     -6.922      43.41     -96.05      50.66      12.92      55.27     -55.18
      168.5     -111.6     -270.7      315.6      304.6      52.05     -853.9     -83.72      252.2      315.5      321.5     -39.89      248.3      120.3      159.2      291.1     -257.4      175.3      308.3      333.2      294.5        210      67.86      172.7     -319.2      -9180     -462.9     -720.3     -142.1     -88.49     -172.8      178.1      38.07     -308.3     -19.88     -52.05     -57.98
     -180.3        149      264.2      410.7      195.4      311.2      430.3      390.1      431.8     -148.7        437      375.3      386.4     -926.3      265.9      404.6      316.6      389.5      381.1      373.7      407.2      348.7      303.6     -120.1     -308.5     -462.9      -9169       -261     -193.4        -18     -765.1      222.8     -59.57     -160.5      18.11     -22.87     -44.02
      17.46      57.92     -3.815      253.3      89.18     -151.9      -94.4     -3.306      199.4      229.8      154.8     -26.94        278        114      126.2      260.1     -14.08      293.6      281.7      169.7      352.1      296.6      79.65      170.3     -331.1     -720.3       -261      -2474     -240.8     -275.2     -189.1     -134.4      60.12      12.08       4.92     -6.152      114.9
      121.2      139.2     -74.99      37.25     -89.14     -95.69      400.2      25.85      179.7      94.69      391.8      12.81      356.7     -14.59      227.5      360.5      61.06      83.09      331.1     -8.748      455.4      400.5      89.94      203.5     -192.7     -142.1     -193.4     -240.8      -2179      74.99     -214.4     -56.88     -26.09      146.2      110.3     -26.23      109.6
      98.46      61.96     -65.53       66.1     -136.1        148      441.9      112.7      78.38      153.9      246.9      21.08      282.5      257.9      186.3     -173.2      40.65      150.2      195.9      145.5      199.8      315.2        114      94.93     -216.7     -88.49        -18     -275.2      74.99      -1532     -199.5      -53.1     -10.32     -105.5      55.88      39.34     -104.6
      145.3     -175.3      154.8      12.83      247.5     -314.6     -46.47      261.5     -92.97      306.9      83.59      -17.2      318.4     -79.13      263.4      395.2     -40.76     -15.21      140.4      313.3      339.8      263.7      107.4     -154.1     -6.922     -172.8     -765.1     -189.1     -214.4     -199.5      -1741       93.2         40      64.11      99.21      56.49       51.6
     -36.64      72.52      142.4      284.1     0.1472      280.3      382.6     -108.1      174.3      186.8      82.93     -60.71      85.22     -114.2      180.3      284.2      249.8      182.6     -55.84     -214.5      102.9      80.29     -32.04      178.7      43.41      178.1      222.8     -134.4     -56.88      -53.1       93.2      -1602      -30.5      48.64      134.7       79.4     -3.796
     -118.1     -64.91     -29.95      36.84     -126.1        124      152.9       98.5      44.91      71.42      116.7      80.12      12.38     -51.27      157.7      220.8      99.17      63.41     -74.98     -12.58     -120.3      207.6       21.8      116.9     -96.05      38.07     -59.57      60.12     -26.09     -10.32         40      -30.5     -376.4      7.721     -36.24      9.866     -73.79
      49.32      57.94      100.8      74.48     -18.48      169.8        255      120.3     -13.54      27.08      14.55        191        185      95.46        119     -69.94      94.19     -55.19        142      78.89       49.2     -79.97      35.81      25.93      50.66     -308.3     -160.5      12.08      146.2     -105.5      64.11      48.64      7.721     -684.5     -133.6       25.8     -186.7
     -12.06     -17.62      112.6      97.19     -27.33      141.6      35.19     -87.29       -131      41.42     -133.7     -22.91      85.33      109.9      118.4      169.5       66.9     -149.3      82.89      96.14       -148      165.3       66.1      114.2      12.92     -19.88      18.11       4.92      110.3      55.88      99.21      134.7     -36.24     -133.6     -698.9     -96.01     -148.4
     -75.74     -24.73      72.19      73.32      38.57     -57.52     -6.313      7.651      64.27      162.3     -80.27     -2.759      51.56     -38.36     -218.8      171.2      50.81      85.13       -130      46.15     -118.6     -97.17      6.628      150.6      55.27     -52.05     -22.87     -6.152     -26.23      39.34      56.49       79.4      9.866       25.8     -96.01     -481.9      18.42
     -28.35     -8.499     -99.96      136.9     -40.77     -4.201      140.3      136.8      6.336      144.1      98.18        162     -194.7      141.5       96.7      150.6       42.3      22.04      84.36      71.82      64.01      187.6      22.07      109.3     -55.18     -57.98     -44.02      114.9      109.6     -104.6       51.6     -3.796     -73.79     -186.7     -148.4      18.42     -693.9
